Webots Project File version 8.6
perspectives: 000000ff00000000fd0000000300000000000001ab00000298fc0100000003fb0000002a0052006f0062006f0074003a0020006e00650077005f0063006f006e00740072006f006c006c006500720000000000000001ab0000000000000000fb0000001a0052006f0062006f0074003a00200065002d007000750063006b0100000000000001ab0000000000000000fb0000001a0044006f00630075006d0065006e0074006100740069006f006e0000000000ffffffff0000005400ffffff000000010000023c00000233fc0200000001fb0000001400540065007800740045006400690074006f00720100000015000002330000009d00ffffff00000003000005560000005ffc0100000001fb0000000e0043006f006e0073006f006c00650100000000000005560000005400ffffff000003140000023300000001000000020000000100000008fc00000000
simulationViewPerspectives: 000000ff0000000100000002000000bb000001340100000006010000000100
sceneTreePerspectives: 000000ff0000000100000002000000c00000007b0100000006010000000200
minimizedPerspectives: 
maximizedDockId: -1
centralWidgetVisible: 1
orthographicViewHeight: 1
textFiles: 0 "controllers/new_controller/new_controller.c"
documentationBook: 
documentationPage: 
renderingDevicePerspectives: 267;1;0.153846;0.991597;0.00788955
