Webots Project File version 8.6
perspectives: 000000ff00000000fd00000003000000000000000000000000fc0100000001fb0000001a0044006f00630075006d0065006e0074006100740069006f006e0000000000ffffffff0000005400ffffff0000000100000124000000ccfc0200000001fb0000001400540065007800740045006400690074006f00720100000015000000cc0000003e00ffffff000000030000038e000000bdfc0100000001fb0000000e0043006f006e0073006f006c006501000000000000038e0000005400ffffff00000264000000cc00000001000000020000000100000008fc00000000
simulationViewPerspectives: 000000ff0000000100000002000000c2000003640100000006010000000100
sceneTreePerspectives: 000000ff0000000100000002000000c00000007b0100000006010000000200
minimizedPerspectives: 
maximizedDockId: -1
centralWidgetVisible: 1
orthographicViewHeight: 1
textFiles: -1
documentationBook: 
documentationPage: 
renderingDevicePerspectives: 690;1;1;0.264563;0.135135
renderingDevicePerspectives: 267;1;1;0.264563;0.135135
