Webots Project File version 8.6
perspectives: 000000ff00000000fd00000003000000000000000000000000fc0100000001fb0000001a0044006f00630075006d0065006e0074006100740069006f006e0000000000ffffffff0000005400ffffff0000000100000255000001ccfc0200000001fb0000001400540065007800740045006400690074006f00720100000015000001cc0000003e00ffffff00000003000002a9000000bdfc0100000001fb0000000e0043006f006e0073006f006c00650100000000000002a90000005400ffffff0000004e000001cc00000001000000020000000100000008fc00000000
simulationViewPerspectives: 000000ff0000000100000002000001000000032c0100000006010000000100
sceneTreePerspectives: 000000ff0000000100000002000000c00000007b0100000006010000000200
minimizedPerspectives: 
maximizedDockId: -1
centralWidgetVisible: 1
orthographicViewHeight: 1
textFiles: -1
documentationBook: 
documentationPage: 
renderingDevicePerspectives: 268;1;0.153846;5;0.00990099
