Webots Project File version 8.6
perspectives: 000000ff00000000fd00000003000000000000000000000000fc0100000001fb0000001a0044006f00630075006d0065006e0074006100740069006f006e0000000000ffffffff0000005400ffffff0000000100000124000001bafc0200000001fb0000001400540065007800740045006400690074006f00720100000015000001ba0000003e00ffffff0000000300000556000000d8fc0100000001fb0000000e0043006f006e0073006f006c00650100000000000005560000005400ffffff0000042c000001ba00000001000000020000000100000008fc00000000
simulationViewPerspectives: 000000ff0000000100000002000001000000032c0100000006010000000100
sceneTreePerspectives: 000000ff0000000100000002000001070000007b0100000006010000000200
minimizedPerspectives: 
maximizedDockId: -1
centralWidgetVisible: 1
orthographicViewHeight: 1
textFiles: -1
documentationBook: 
documentationPage: 
renderingDevicePerspectives: 269;1;1;0.0334988;0.0518135
renderingDevicePerspectives: 654;1;1;0.0334988;0.0518135
