Webots Project File version 8.6
perspectives: 000000ff00000000fd00000003000000000000022200000298fc0100000002fb0000001a0052006f0062006f0074003a00200065002d007000750063006b0000000000000002220000000000000000fb0000001a0044006f00630075006d0065006e0074006100740069006f006e0000000000ffffffff0000005400ffffff0000000100000255000001d5fc0200000001fb0000001400540065007800740045006400690074006f00720100000015000001d50000009d00ffffff0000000300000556000000bdfc0100000001fb0000000e0043006f006e0073006f006c00650100000000000005560000005400ffffff000002fb000001d500000001000000020000000100000008fc00000000
simulationViewPerspectives: 000000ff0000000100000002000000dc000002330100000006010000000100
sceneTreePerspectives: 000000ff0000000100000002000000c00000007b0100000006010000000200
minimizedPerspectives: 
maximizedDockId: -1
centralWidgetVisible: 1
orthographicViewHeight: 1
textFiles: 0 "controllers/my_controller/my_controller.c"
documentationBook: 
documentationPage: 
renderingDevicePerspectives: 389;1;0.153846;0.121043;0.00968523
